# Created by Octave 4.2.2, Mon Jun 17 22:36:50 2019 -03 <marcio@marcio-Aspire-V3-772>
# name: result
# type: uint8 matrix
# ndims: 2
 1 50
 95
 54
 48
 49
 46
 51
 55
 94
 95
 54
 48
 49
 46
 51
 55
 94
 95
 54
 48
 49
 46
 51
 55
 94
 95
 54
 48
 49
 46
 51
 55
 94
 95
 54
 48
 49
 46
 51
 55
 94
 95
 53
 57
 49
 46
 48
 55
 94
 95
 53


